1	48.43 	69.64 	0.00 	21.65 	1.47 	0.00 	0.00 	31.76 
1	44.72 	76.14 	3.17 	31.73 	1.40 	0.00 	0.10 	44.42 
1	36.38 	72.10 	6.43 	35.89 	1.37 	0.00 	0.18 	49.05 
1	28.22 	59.39 	10.67 	32.83 	1.33 	0.00 	0.33 	43.77 
1	21.93 	55.02 	8.09 	34.16 	1.30 	0.00 	0.24 	44.41 
1	19.37 	47.79 	8.67 	29.84 	1.27 	0.00 	0.30 	37.80 
1	16.73 	44.16 	12.33 	28.89 	1.20 	0.00 	0.42 	34.67 
2	46.81 	71.78 	0.00 	24.97 	1.50 	0.00 	0.00 	37.45 
2	42.35 	76.27 	2.26 	34.41 	1.33 	0.00 	0.07 	45.88 
2	32.71 	68.66 	10.13 	36.38 	1.20 	0.00 	0.28 	43.66 
2	25.53 	55.63 	11.05 	32.10 	1.20 	0.00 	0.35 	38.52 
2	19.78 	52.19 	9.50 	33.52 	1.23 	0.00 	0.29 	41.35 
2	18.26 	46.74 	6.59 	29.05 	1.10 	0.00 	0.23 	31.95 
2	17.85 	44.72 	12.24 	28.72 	0.95 	0.00 	0.43 	27.28 
3	45.03 	71.31 	0.27 	26.83 	1.43 	0.00 	0.01 	38.45 
3	40.35 	74.25 	3.72 	33.92 	1.30 	0.00 	0.11 	44.10 
3	31.21 	63.95 	9.61 	34.50 	1.17 	0.00 	0.29 	40.24 
3	23.94 	53.68 	49.10 	32.03 	1.23 	0.00 	0.68 	39.50 
3	18.65 	47.45 	6.58 	30.19 	1.13 	0.00 	0.22 	34.21 
3	16.82 	41.26 	8.59 	25.46 	1.07 	0.00 	0.34 	27.16 
4	44.94 	72.07 	2.82 	27.59 	1.43 	0.00 	0.10 	39.54 
4	40.09 	72.77 	4.09 	33.00 	1.37 	0.00 	0.12 	45.11 
4	30.00 	61.78 	12.65 	34.13 	1.23 	0.00 	0.38 	42.10 
4	24.19 	53.39 	10.94 	31.34 	1.20 	0.00 	0.36 	37.61 
4	18.96 	47.50 	9.67 	30.36 	1.13 	0.00 	0.32 	34.41 
4	17.04 	38.56 	8.77 	22.51 	1.00 	0.00 	0.41 	22.51 
5	44.24 	70.10 	1.34 	26.04 	1.33 	0.00 	0.05 	34.72 
5	39.43 	74.45 	4.03 	35.09 	1.37 	0.00 	0.12 	47.95 
5	31.46 	64.18 	10.89 	34.36 	1.33 	0.00 	0.32 	45.81 
5	24.47 	52.01 	10.29 	29.60 	1.20 	0.00 	0.37 	35.52 
5	19.00 	47.51 	8.57 	29.51 	1.10 	0.00 	0.30 	32.47 
5	17.60 	43.29 	7.66 	26.92 	1.25 	0.00 	0.29 	33.65 
5	15.76 	37.45 	10.40 	24.26 	1.15 	0.00 	0.46 	27.90 
6	43.93 	73.84 	0.74 	29.30 	1.37 	0.00 	0.03 	40.04 
6	38.48 	75.03 	2.58 	36.19 	1.40 	0.00 	0.07 	50.67 
6	29.52 	60.50 	13.54 	34.62 	1.37 	0.00 	0.41 	47.32 
6	23.05 	55.68 	10.69 	34.54 	1.33 	0.00 	0.31 	46.06 
6	19.76 	48.39 	11.46 	31.14 	1.27 	0.00 	0.38 	39.45 
6	16.92 	42.23 	10.15 	26.72 	1.13 	0.00 	0.38 	30.28 
6	17.56 	36.75 	11.19 	23.61 	1.20 	1.02 	0.02 	28.33 
7	42.52 	66.34 	0.40 	24.30 	1.27 	0.00 	0.02 	30.78 
7	37.63 	69.00 	4.11 	32.23 	1.37 	0.00 	0.13 	44.05 
7	29.77 	61.90 	7.63 	33.30 	1.27 	0.00 	0.23 	42.17 
7	23.09 	51.43 	11.03 	31.07 	1.17 	0.00 	0.38 	36.24 
7	17.59 	42.88 	7.05 	27.87 	1.07 	0.00 	0.27 	29.73 
7	16.58 	40.10 	7.73 	23.80 	1.05 	0.00 	0.32 	24.99 
8	41.57 	63.83 	0.66 	22.31 	1.40 	0.00 	0.02 	31.23 
8	39.97 	73.55 	3.03 	33.32 	1.37 	0.00 	0.09 	45.54 
8	32.60 	66.55 	7.77 	34.82 	1.27 	0.00 	0.23 	44.10 
8	24.96 	55.70 	9.67 	31.72 	1.20 	0.00 	0.30 	38.06 
8	19.11 	45.55 	9.67 	28.48 	1.10 	0.00 	0.35 	31.33 
8	15.68 	36.29 	8.47 	21.51 	0.90 	0.00 	0.39 	19.36 
9	40.65 	66.82 	0.32 	26.53 	1.37 	0.00 	0.02 	36.25 
9	38.32 	69.89 	4.40 	32.22 	1.30 	0.00 	0.13 	41.88 
9	30.52 	61.40 	9.42 	32.65 	1.20 	0.00 	0.30 	39.18 
9	24.04 	51.31 	8.26 	28.74 	1.10 	0.00 	0.29 	31.61 
9	13.32 	40.38 	9.75 	24.29 	1.07 	0.00 	0.36 	25.91 
9	14.56 	30.03 	7.46 	16.87 	0.80 	0.00 	0.46 	13.50 
10	40.76 	64.86 	0.32 	24.10 	1.23 	0.00 	0.02 	29.72 
10	37.63 	70.37 	3.68 	33.04 	1.27 	0.00 	0.12 	41.85 
10	29.93 	63.02 	5.50 	33.64 	1.27 	0.00 	0.17 	42.62 
10	22.67 	48.03 	12.41 	28.76 	1.17 	0.00 	0.45 	33.56 
10	17.53 	38.96 	6.71 	22.64 	0.97 	0.00 	0.31 	21.88 
10	15.09 	27.58 	8.89 	15.46 	0.65 	0.00 	0.62 	10.05 
11	40.24 	62.46 	1.62 	22.96 	1.30 	0.00 	0.08 	29.84 
11	38.58 	70.19 	1.62 	31.81 	1.30 	0.00 	0.05 	41.35 
11	30.71 	61.52 	10.05 	32.74 	1.20 	0.00 	0.31 	39.28 
11	24.52 	53.79 	10.45 	30.74 	1.13 	0.00 	0.34 	34.84 
11	17.98 	40.90 	9.95 	25.74 	1.00 	0.00 	0.41 	25.74 
11	15.86 	32.91 	6.84 	17.87 	0.70 	0.00 	0.39 	12.51 
12	39.14 	65.28 	0.01 	26.53 	1.40 	0.00 	0.00 	37.14 
12	33.57 	66.08 	2.81 	32.73 	1.30 	0.00 	0.09 	42.55 
12	26.56 	55.21 	9.56 	30.38 	1.20 	0.00 	0.33 	36.46 
12	22.34 	43.97 	7.67 	25.61 	1.00 	0.00 	0.34 	25.61 
12	15.87 	32.26 	7.20 	18.33 	0.97 	0.00 	0.43 	17.72 
12	14.25 	28.07 	7.51 	15.28 	1.20 	0.00 	0.50 	18.34 
13	35.82 	55.97 	0.87 	20.45 	1.20 	0.00 	0.03 	24.53 
13	35.82 	66.56 	2.00 	30.94 	1.17 	0.00 	0.06 	36.10 
13	29.33 	60.63 	9.37 	32.46 	1.10 	0.00 	0.30 	35.70 
13	22.44 	47.90 	9.90 	27.43 	1.00 	0.00 	0.37 	27.43 
13	18.11 	41.49 	12.30 	26.38 	0.85 	0.00 	0.49 	22.42 
14	26.60 	48.56 	2.57 	23.16 	0.97 	0.00 	0.15 	22.39 
14	26.24 	49.67 	2.64 	23.66 	1.00 	0.00 	0.10 	23.66 
14	22.02 	43.87 	8.82 	23.76 	0.97 	0.00 	0.39 	22.97 
15	25.48 	40.16 	2.30 	15.31 	0.93 	0.00 	0.14 	14.29 
15	24.42 	53.26 	6.19 	29.21 	1.00 	0.00 	0.22 	29.21 
15	20.95 	44.21 	7.43 	25.13 	0.93 	0.00 	0.32 	23.45 
15	17.62 	37.29 	8.07 	21.32 	0.90 	0.00 	0.40 	19.19 
16	28.86 	54.03 	3.35 	25.60 	0.90 	0.00 	0.13 	23.04 
16	26.13 	47.35 	7.06 	23.57 	0.90 	0.00 	0.45 	21.22 
16	21.64 	49.20 	11.58 	29.60 	1.05 	0.00 	0.41 	31.08 
